10 19 73 25 33 76 52
11 35 86
34 67 35 48 76 80 95 90 91 17
39 29 27 49 49 37 54 20 48
15 64 89 47 42 96 24 80 52 40 37
20 63 61
14 12 82 29 16 65
18 42 26 89 53 19 64 50 93
13 23
20 90 25 60 15 95 33 47 64 35 18 13 36 16 99 11 90 25 29 19
37 67
17 15 38 31 13 11 65 88
67 67 43 97
14 43 62 76 59 12
80 79 99 70 80 15 73 61 47 64
64
13 23 66 53 98 95 11 68 77
12 17 14 68 33 66
16 57 47 17
34
17 27 68 50 36 69 73 61 70
65 81 33 98 85 11 19 92 91 70
31
16
11
18
15 45 57 18 24
16
35 30 34 26 14 86 79 90 74 39
23 40 30 97 32 85 26 97 76
12
12
15 16 56 92 68 66 57 48 18
73 15 38 52 47 18 62 38
85 79 10 19 73